0
4
7122
3039
1506
1558
1558
1714
1725
2217
5593
16033
17706
8694
3981
2160
1906
1876
1807
1896
1745
1719
1860
1827
1898
1838
1914
1859
1892
1886
1999
1898
1825
1845
1979
1891
1959
1890
1767
1761
1836
2000
1801
1891
2064
1956
2016
2136
1895
2047
2022
2185
2062
1961
2061
2280
2062
2267
2331
2438
2604
2717
3028
3074
3345
3269
3264
3117
3046
3092
2884
2706
2731
2508
2492
2408
2317
2305
2328
2265
2160
2175
2100
2168
2116
2022
2058
2064
2086
2112
1978
2078
1958
1977
2004
1944
1965
2052
1962
1992
2004
1951
1869
1908
2026
2001
1998
1988
2019
1949
1989
1929
2024
2007
2040
2033
2045
2002
2008
2117
2051
2103
2098
2026
2092
2179
2233
2085
2136
2080
2144
2274
2162
2228
2234
2309
2204
2237
2233
2396
2296
2263
2214
2200
2209
2105
1946
1934
1770
1658
1512
1393
1330
1149
1080
916
931
878
742
774
642
640
622
566
529
503
477
509
454
444
401
379
355
352
288
279
342
287
323
299
309
255
287
284
279
259
239
272
305
300
281
268
348
450
631
815
1109
1505
1983
2605
3396
4494
5592
6958
8512
10286
12120
13729
15403
17180
18159
19196
19670
19486
19054
18211
16915
15265
13581
11723
9825
8001
6367
4734
3520
2603
1819
1197
882
541
283
220
116
75
20
55
14
23
1
1
20
2
2
6
11
21
25
0
12
22
0
11
27
30
0
12
7
24
0
14
0
0
11
21
2
7
0
0
21
9
11
6
2
13
11
12
0
13
0
0
0
3
5
0
0
8
20
5
21
34
4
0
3
0
0
17
11
0
11
12
0
9
0
24
0
0
0
3
12
5
19
1
0
9
0
0
20
23
3
13
0
4
3
18
5
0
10
0
0
6
2
0
0
0
0
0
0
18
4
0
1
14
1
8
0
18
13
2
0
3
0
5
16
0
17
20
0
6
0
5
0
7
0
11
0
0
4
1
7
3
0
0
6
13
0
8
0
13
9
0
0
7
5
0
4
0
0
2
4
0
0
0
0
0
6
4
9
6
0
0
2
7
3
0
0
6
12
0
0
2
0
7
0
0
2
6
3
8
2
1
8
2
10
0
10
0
0
0
0
0
0
0
0
1
0
0
0
0
7
0
0
0
0
6
14
0
0
0
11
0
0
0
9
18
0
16
6
12
0
6
28
5
13
4
12
5
18
30
5
1
0
2
1
8
0
6
1
9
1
0
3
0
0
0
0
1
0
0
5
3
2
3
0
0
2
0
0
0
0
1
5
9
0
0
0
0
0
0
0
0
0
3
4
3
1
8
0
1
0
1
0
7
11
0
0
0
0
2
2
2
5
4
0
11
0
0
0
3
0
0
0
0
0
1
5
1
0
1
0
0
0
2
10
0
12
0
6
0
0
2
0
7
0
0
0
1
5
9
3
5
4
3
5
1
1
0
0
0
0
1
0
0
0
2
7
0
0
2
0
0
2
2
3
0
5
0
0
1
0
2
0
2
1
0
0
3
0
0
6
1
0
0
4
0
5
5
8
0
0
0
0
3
0
0
0
0
3
0
0
0
0
4
0
0
0
5
0
3
0
0
3
0
0
0
2
0
0
0
3
0
1
11
9
0
0
5
0
0
0
0
0
1
1
8
6
0
0
2
1
0
10
4
0
0
0
0
1
1
3
0
0
3
1
4
0
3
0
1
2
0
2
0
0
0
4
0
3
0
3
0
0
2
8
0
0
1
0
3
0
4
1
0
6
2
7
0
0
0
2
0
0
2
0
6
0
3
0
0
2
0
4
1
0
1
0
4
3
0
1
5
3
0
1
1
0
0
0
2
0
3
5
2
0
2
0
1
0
0
0
0
0
1
1
0
0
0
0
0
0
0
0
0
0
1
1
0
0
0
0
0
0
0
0
0
3
0
0
0
0
2
0
0
4
2
5
7
5
0
0
0
7
0
8
1
0
1
4
2
0
8
1
0
3
2
3
0
4
4
0
0
0
0
1
6
0
0
3
1
0
1
0
2
0
0
0
0
0
0
1
0
0
0
0
0
0
0
0
0
0
0
0
1
0
0
0
0
2
0
0
0
0
0
0
0
0
0
0
1
0
0
0
0
0
1
0
0
0
0
0
0
0
0
0
0
0
0
0
0
0
0
1
1
0
0
0
0
0
0
1
0
0
0
0
0
0
1
0
0
0
0
0
0
0
0
0
0
0
0
0
0
0
0
0
1
0
0
0
0
0
1
0
1
0
0
0
1
0
0
0
0
0
0
0
0
0
0
1
0
0
0
0
0
0
0
0
0
1
0
1
0
0
0
0
1
0
0
0
0
0
0
0
0
0
0
0
0
0
1
0
0
1
0
1
0
0
0
0
0
0
0
0
0
0
0
1
0
0
0
1
0
0
0
0
0
0
0
0
0
0
0
0
0
1
0
0
0
0
0
1
1
0
0
0
0